GOE602
  80.00000  10.00000   1.00000   0.00000   1.00000   1.00000   1.00000   2.00000 
17
    0.000000    0.000000
    0.012500    0.015810
    0.025000    0.024120
    0.050000    0.038250
    0.075000    0.047380
    0.100000    0.055000
    0.150000    0.066750
    0.200000    0.074500
    0.300000    0.082500
    0.400000    0.083000
    0.500000    0.078500
    0.600000    0.070000
    0.700000    0.058000
    0.800000    0.042500
    0.900000    0.023000
    0.950000    0.012250
    1.000000    0.000000
17
    0.000000    0.000000
    0.012500   -0.009890
    0.025000   -0.012880
    0.050000   -0.016250
    0.075000   -0.018130
    0.100000   -0.019000
    0.150000   -0.019750
    0.200000   -0.020000
    0.300000   -0.017000
    0.400000   -0.013500
    0.500000   -0.010000
    0.600000   -0.006500
    0.700000   -0.003000
    0.800000   -0.001000
    0.900000    0.000500
    0.950000    0.000750
    1.000000    0.000000
100
    0.000000
    0.000252
    0.001007
    0.002264
    0.004023
    0.006281
    0.009036
    0.012285
    0.016026
    0.020254
    0.024964
    0.030154
    0.035816
    0.041946
    0.048537
    0.055582
    0.063075
    0.071008
    0.079373
    0.088162
    0.097365
    0.106973
    0.116978
    0.127368
    0.138133
    0.149263
    0.160745
    0.172570
    0.184724
    0.197195
    0.209972
    0.223040
    0.236387
    0.250000
    0.263864
    0.277967
    0.292292
    0.306827
    0.321557
    0.336466
    0.351540
    0.366763
    0.382121
    0.397597
    0.413176
    0.428843
    0.444581
    0.460375
    0.476209
    0.492067
    0.507933
    0.523791
    0.539625
    0.555419
    0.571157
    0.586824
    0.602403
    0.617879
    0.633237
    0.648460
    0.663534
    0.678443
    0.693173
    0.707708
    0.722033
    0.736136
    0.750000
    0.763613
    0.776960
    0.790028
    0.802805
    0.815276
    0.827430
    0.839255
    0.850737
    0.861867
    0.872632
    0.883022
    0.893027
    0.902635
    0.911838
    0.920627
    0.928992
    0.936925
    0.944418
    0.951463
    0.958054
    0.964184
    0.969846
    0.975036
    0.979746
    0.983974
    0.987715
    0.990964
    0.993719
    0.995977
    0.997736
    0.998993
    0.999748
    1.000000 
  1.         
