MA409 (original)
  80.00000  10.00000   1.00000   0.00000   1.00000   1.00000   1.00000   2.00000 
21
    0.000000    0.000000
    0.012311    0.011031
    0.024693    0.017933
    0.049518    0.028149
    0.074398    0.035105
    0.099298    0.040942
    0.149155    0.049277
    0.199054    0.055172
    0.248975    0.059797
    0.298944    0.061614
    0.348923    0.062831
    0.398916    0.063257
    0.448936    0.062065
    0.498963    0.060512
    0.549017    0.057350
    0.599069    0.054318
    0.699197    0.046854
    0.799377    0.036361
    0.899640    0.021010
    0.949807    0.011250
    0.999994    0.000350
21
    0.000000    0.000000
    0.012646   -0.008493
    0.025217   -0.012688
    0.050271   -0.015808
    0.075274   -0.015980
    0.100270   -0.015771
    0.150235   -0.013695
    0.200193   -0.011259
    0.250138   -0.008063
    0.300076   -0.004457
    0.350020   -0.001181
    0.399972    0.001656
    0.449924    0.004462
    0.499896    0.006068
    0.549877    0.007185
    0.599860    0.008152
    0.699857    0.008346
    0.799875    0.007290
    0.899915    0.004975
    0.949960    0.002342
    1.000006   -0.000350
100
    0.000000
    0.000252
    0.001007
    0.002264
    0.004023
    0.006281
    0.009036
    0.012285
    0.016026
    0.020254
    0.024964
    0.030154
    0.035816
    0.041946
    0.048537
    0.055582
    0.063075
    0.071008
    0.079373
    0.088162
    0.097365
    0.106973
    0.116978
    0.127368
    0.138133
    0.149263
    0.160745
    0.172570
    0.184724
    0.197195
    0.209972
    0.223040
    0.236387
    0.250000
    0.263864
    0.277967
    0.292292
    0.306827
    0.321557
    0.336466
    0.351540
    0.366763
    0.382121
    0.397597
    0.413176
    0.428843
    0.444581
    0.460375
    0.476209
    0.492067
    0.507933
    0.523791
    0.539625
    0.555419
    0.571157
    0.586824
    0.602403
    0.617879
    0.633237
    0.648460
    0.663534
    0.678443
    0.693173
    0.707708
    0.722033
    0.736136
    0.750000
    0.763613
    0.776960
    0.790028
    0.802805
    0.815276
    0.827430
    0.839255
    0.850737
    0.861867
    0.872632
    0.883022
    0.893027
    0.902635
    0.911838
    0.920627
    0.928992
    0.936925
    0.944418
    0.951463
    0.958054
    0.964184
    0.969846
    0.975036
    0.979746
    0.983974
    0.987715
    0.990964
    0.993719
    0.995977
    0.997736
    0.998993
    0.999748
    1.000000 
  1.         
